   clock                         enable_cnt  prepare_cnt        rate   accuracy   phase
----------------------------------------------------------------------------------------
 osc48m                                   0            0    48000000          0 0  
    osc48md4                              0            0    12000000          0 0  
       usbohci1_12m                       0            0    12000000          0 0  
       usbohci0_12m                       0            0    12000000          0 0  
 hosc                                    13           14    24000000          0 0  
    sdmmc1_mod                            0            0      800000          0 0  
    spwm                                  0            0    24000000          0 0  
    cpurapbs2                             0            0    24000000          0 0  
    cpurcpus                              1            1    24000000          0 0  
       cpurahbs                           1            1    24000000          0 0  
          cpurapbs1                       1            1    24000000          0 0  
             cpurpio                      1            1    24000000          0 0  
    csi_master1                           0            0    24000000          0 0  
    csi_master0                           0            0    24000000          0 0  
    csi_misc3                             0            0    24000000          0 0  
    csi_misc2                             0            0    24000000          0 0  
    csi_misc1                             0            0    24000000          0 0  
    csi_misc0                             0            0    24000000          0 0  
    mipi_host0                            0            0    24000000          0 0  
    hdmi_slow                             0            0    24000000          0 0  
    usbphy1                               0            0    24000000          0 0  
    usbphy0                               1            1    24000000          0 0  
    spi2                                  0            0    24000000          0 0  
    sdmmc2_rst                            0            0    24000000          0 0  
    sdmmc2_bus                            0            0    24000000          0 0  
    sdmmc2_mod                            0            0    24000000          0 0  
    sdmmc1_rst                            0            0    24000000          0 0  
    sdmmc1_bus                            0            0    24000000          0 0  
    sdmmc0_rst                            1            1    24000000          0 0  
    sdmmc0_bus                            1            1    24000000          0 0  
    nand1                                 0            0    24000000          0 0  
    nand0                                 0            0    24000000          0 0  
    avs                                   0            0    24000000          0 0  
    apb2                                  6            6    24000000          0 0  
       twi3                               2            2    24000000          0 0  
       twi2                               2            2    24000000          0 0  
       twi1                               2            2    24000000          0 0  
       twi0                               0            0    24000000          0 0  
       uart4                              0            0    24000000          0 0  
       uart3                              0            0    24000000          0 0  
       uart2                              1            1    24000000          0 0  
       uart1                              1            1    24000000          0 0  
       uart0                              1            1    24000000          0 0  
    hoscd2                                0            0    12000000          0 0  
    pll_csi                               1            1   480000000          0 0  
       csi_top                            1            1   480000000          0 0  
    pll_ise                               0            0   432000000          0 0  
       eise                               0            0   432000000          0 0  
       ise                                0            0   432000000          0 0  
    pll_audio                             7            7    24571428          0 0  
       codec_1x                           2            2    24571428          0 0  
       i2s2                               1            1    24571428          0 0  
       i2s1                               1            1    24571428          0 0  
       codec_4x                           0            0    24571428          0 0  
       dmic                               0            0    24571428          0 0  
       i2s0                               0            0    24571428          0 0  
       pll_audiox2                        0            0    49142856          0 0  
       pll_audiox4                        0            0    98285712          0 0  
    pll_isp                               1            1   324000000          0 0  
       isp                                1            1   324000000          0 0  
    pll_de                                1            1   432000000          0 0  
       de                                 1            3   216000000          0 0  
       g2d                                0            0   432000000          0 0  
    pll_ve                                0            1   432000000          0 0  
       ve                                 0            1   432000000          0 0  
    pll_video0                            2            2   594000000          0 0  
       vdpo                               2            4   297000000          0 0  
       tve_top                            0            0   594000000          0 0  
       tve                                0            0   594000000          0 0  
       tcon_tv                            0            0   594000000          0 0  
       tcon_lcd                           1            3   594000000          0 0  
          lvds                            0            0   594000000          0 0  
       mipi_dphy0                         0            0   594000000          0 0  
       hdmi                               0            0   594000000          0 0  
       pll_video0x4                       0            0  2376000000          0 0  
    pll_periph1                           1            1   600000000          0 0  
       pll_periph1x2                      1            1  1200000000          0 0  
          sdmmc0_mod                      1            1   100000000          0 0  
    pll_periph0                           7            7   600000000          0 0  
       spi3                               1            1   200000000          0 0  
       spi1                               1            1   200000000          0 0  
       spi0                               1            1   200000000          0 0  
       cpurapbs2_pll                      0            0   600000000          0 0  
       cpurcpus_pll                       0            0   600000000          0 0  
       apb1                               3            3   100000000          0 0  
          pio                             1            1   100000000          0 0  
          ths                             1            1   100000000          0 0  
          pwm                             1            1   100000000          0 0  
       ahb3                               2            2   200000000          0 0  
          display_top                     1            3   200000000          0 0  
          usbotg                          1            1   200000000          0 0  
          usbehci1                        0            0   200000000          0 0  
          usbehci0                        0            0   200000000          0 0  
          usbohci1                        0            0   200000000          0 0  
          usbohci0                        0            0   200000000          0 0  
          gpadc                           0            0   200000000          0 0  
          gmac                            0            0   200000000          0 0  
       psi                                1            1   200000000          0 0  
          ahb2                            0            0   200000000          0 0  
          ahb1                            1            1   200000000          0 0  
             dbgsys                       0            0   200000000          0 0  
             hstimer                      0            0   200000000          0 0  
             hwspinlock_bus               0            0   200000000          0 0  
             hwspinlock_rst               0            0   200000000          0 0  
             msgbox                       0            0   200000000          0 0  
             dma                          1            1   200000000          0 0  
       pll_periph0d24                     0            0    25000000          0 0  
          ephy_25m                        0            0    25000000          0 0  
       periph32k                          0            0       32768          0 0  
          hdmi_cec                        0            0       32768          0 0  
       pll_periph0x2                      1            1  1200000000          0 0  
          ce                              1            1   300000000          0 0  
          mbus                            0            0   400000000          0 0  
    pll_ddr1                              0            0   432000000          0 0  
    pll_ddr0                              0            0  1584000000          0 0  
       sdram                              0            0  1584000000          0 0  
    pll_cpu                               0            0  1008000000          0 0  
       cpu                                0            0  1008000000          0 0  
          cpuapb                          0            0   252000000          0 0  
          axi                             0            0   252000000          0 0  
 iosc                                     0            0    16000000          0 0  
 losc                                     1            1       32768          0 0  
    losc_out                              1            1       32768          0 0  
    cpurcir                               0            0       32768          0 0  

